((("~/.emacs.d/el-get/el-get" .
   [0 0 1 0 0 0 0 0 0 0 0 0 0 0 0 0 0 0 0 0 0 0 0 0])
  ("add-to-list" .
   [0 0 0 0 0 1 0 0 0 0 0])
  ("require" .
   [1 0 0 0 0 0 0])
  ("Block" .
   [0 0 1 0 1])
  ("logic" .
   [1 0 0 0 0])
  ("import" .
   [4 0 1 0 0 0])
  ("stdin" .
   [0 0 0 2 0])
  ("std" .
   [3 0 0])
  ("cout" .
   [1 0 2 1])
  ("include" .
   [0 0 0 0 0 0 1])
  ("sin" .
   [0 0 1])
  ("stdio" .
   [0 0 1 0 0])
  ("void" .
   [0 0 1 0])
  ("writeln" .
   [0 0 0 0 0 0 1])
  ("BMPImage" .
   [1 0 1 0 1 1 0 0])
  ("width" .
   [2 0 0 0 0])
  ("height" .
   [2 0 0 0 0 0])
  ("return" .
   [1 0 0 0 0 0])
  ("result" .
   [0 0 0 0 2 0])
  ("int" .
   [2 0 0])
  ("0" .
   [9])
  ("float" .
   [1 0 0 0 0])
  ("input" .
   [1 0 0 0 0])
  ("value" .
   [4 0 0 0 2])
  ("data" .
   [1 1 0 0])
  ("count" .
   [2 0 0 0 1])
  ("cast" .
   [1 0 0 0])
  ("ubyte" .
   [0 0 0 1 0])
  ("r" .
   [1])
  ("g" .
   [1])
  ("b" .
   [1])))
